0,0,0,0,0,0,0,0,0,0,0,0,0,0,0,0,0,0,0,0,0,0,0,0,0,0,0,0,0,0,0,0,0,0,0,0,0,0,0,0,0,0,0,0,0,0,0,0,0,0,0,80,80,0,80,0,80,80,80,80,0,0,0,0,0,0,0,0,0,0,0,0,0,0,0,0,0,0,0,0,16,12,12,12,12,36,45,45,45,45,45,45,45,45,45,45,45,45,45,45,45,45,45,45,45,45,52,47,47,47,47,47,47,47,47,47,47,47,47,47,47,47,47,47,47,47,47,47,
0,0,0,0,0,0,0,0,0,0,0,0,0,0,0,0,0,0,0,0,0,0,0,0,0,0,0,80,80,80,80,0,0,0,0,0,0,0,0,0,0,0,0,0,0,0,0,0,0,80,0,0,0,0,0,0,0,0,0,80,80,80,0,0,0,0,0,0,0,0,0,80,0,0,0,0,0,0,0,0,16,12,12,12,12,36,45,45,45,45,45,45,45,45,45,45,45,45,45,45,45,45,45,45,45,45,52,47,47,47,47,47,47,47,47,47,47,47,47,47,47,47,47,47,47,47,47,47,
0,0,0,0,80,80,80,80,0,0,0,0,0,0,0,0,0,0,0,0,0,0,0,0,0,0,0,80,0,0,0,0,0,0,0,0,80,80,80,80,80,80,80,80,80,0,80,80,0,0,0,0,0,0,0,0,0,0,0,0,0,0,0,0,80,80,0,0,0,0,80,80,80,0,0,0,0,0,0,0,16,12,12,12,12,36,45,45,45,45,45,45,45,45,45,45,45,45,45,45,45,45,45,45,45,45,52,47,47,47,47,47,47,47,47,47,47,47,47,47,47,47,47,47,47,47,47,47,
0,0,0,0,80,0,0,0,0,0,0,0,0,0,0,0,0,0,0,0,0,0,0,0,0,0,0,80,80,0,0,0,0,0,0,80,80,80,80,80,80,80,80,80,80,80,80,0,0,0,0,80,80,80,80,0,0,0,0,0,0,0,0,0,80,0,0,0,0,80,80,80,0,0,0,0,0,0,0,0,16,12,12,12,12,38,42,45,45,45,45,45,45,45,45,45,45,45,45,45,45,45,45,45,56,54,55,47,47,47,47,47,47,47,47,47,47,47,47,47,47,47,47,47,47,47,47,47,
0,0,0,0,80,13,14,14,14,14,14,14,14,14,14,14,14,14,14,14,14,14,14,14,14,15,0,0,80,80,0,0,0,0,80,80,0,80,80,80,0,0,0,0,80,80,0,80,0,0,80,80,80,0,0,0,0,80,0,0,80,80,80,80,80,0,0,0,80,80,80,0,0,80,0,0,0,0,0,0,16,12,12,12,12,12,36,45,45,45,45,45,45,45,45,45,45,45,45,45,45,45,56,54,55,47,47,47,47,47,47,47,47,47,47,47,47,47,47,47,47,47,47,47,47,47,47,47,
0,0,0,80,80,16,76,74,74,74,74,74,74,74,74,74,74,74,74,74,74,74,74,74,78,17,0,0,0,0,0,0,0,80,80,0,0,0,80,80,0,0,80,0,0,0,0,0,0,0,80,80,0,0,0,80,80,80,0,0,0,80,80,80,0,0,0,0,80,80,80,0,0,0,0,0,0,0,0,0,16,12,12,12,12,12,36,45,45,45,45,45,45,45,45,45,45,45,45,45,45,45,52,47,47,47,47,47,47,47,47,47,47,47,47,47,47,47,47,47,47,47,47,47,47,47,47,47,
0,0,0,0,0,16,77,72,72,72,72,72,72,72,72,72,72,72,72,72,72,72,72,72,77,17,0,0,0,0,0,0,80,80,0,80,0,0,80,80,0,0,0,0,0,0,0,0,0,0,80,80,0,0,80,80,0,0,0,0,0,0,80,80,0,0,0,0,80,80,0,0,80,0,0,0,0,0,0,13,24,12,12,12,12,12,36,45,45,45,45,45,45,45,45,45,45,45,45,45,45,45,52,47,47,47,47,47,47,47,47,47,47,47,47,47,47,47,47,47,47,47,47,47,47,47,47,47,
0,0,0,0,0,16,77,72,72,72,72,72,72,72,72,72,72,72,72,72,72,72,72,72,77,17,0,0,0,0,0,0,80,80,0,0,0,0,0,80,80,0,0,80,0,0,0,0,0,0,80,80,0,80,80,0,0,0,0,0,0,0,80,80,80,0,0,0,80,80,80,0,0,80,0,0,0,0,0,16,12,12,12,12,12,12,36,45,45,45,45,45,45,45,45,45,45,45,45,45,45,45,52,47,47,47,47,47,47,47,47,47,47,47,47,47,47,47,47,47,47,47,47,47,47,47,47,47,
0,0,0,0,0,16,77,72,72,72,72,72,72,72,72,72,72,72,72,72,72,72,72,72,77,17,0,0,0,0,0,0,80,80,80,80,0,0,0,80,80,80,80,80,80,80,80,0,0,80,80,80,80,80,0,0,0,0,0,80,0,0,80,80,80,80,0,0,80,80,80,80,0,0,0,80,0,0,0,16,12,12,12,12,12,12,36,45,45,45,45,45,45,45,45,45,45,45,45,45,45,45,52,47,47,47,47,47,47,47,47,47,47,47,47,47,47,47,47,47,47,47,47,47,47,47,47,47,
0,0,0,0,0,16,77,72,72,72,72,72,72,72,72,72,72,72,72,72,72,72,72,72,77,17,0,0,0,0,0,0,80,80,80,80,0,0,0,80,80,80,80,80,80,80,0,0,0,0,80,80,80,0,0,0,0,0,0,0,0,0,0,80,80,80,0,0,80,80,80,80,0,0,0,80,0,0,0,16,12,12,12,12,12,12,38,42,45,45,45,45,45,45,45,45,45,45,45,45,45,45,52,47,47,47,47,47,47,47,47,47,47,47,47,47,47,47,47,47,47,47,47,47,47,47,47,47,
0,0,0,0,0,16,77,72,72,72,72,72,72,72,72,72,72,72,72,72,72,72,72,72,77,17,0,0,0,0,0,0,80,80,80,0,0,0,0,0,0,80,80,80,80,80,0,0,0,0,0,0,0,0,0,0,0,0,0,80,0,0,0,80,80,80,0,0,0,80,80,80,80,0,0,0,0,0,0,18,22,12,12,12,12,12,12,36,45,45,45,45,45,45,45,45,45,45,45,45,45,45,52,47,47,47,47,47,47,47,47,47,47,47,47,47,47,47,47,47,47,47,47,47,47,47,47,47,
0,0,0,0,0,16,77,72,72,72,72,72,72,72,72,72,72,72,72,72,72,72,72,72,77,17,0,0,0,0,0,0,80,80,80,0,0,0,80,0,0,0,0,80,80,0,0,0,80,0,0,0,0,0,80,0,0,0,0,0,0,0,0,0,80,80,0,0,0,0,80,80,80,0,80,0,0,0,0,0,16,12,12,12,12,12,12,38,42,45,45,45,45,45,45,45,45,45,45,45,45,45,52,47,47,47,47,47,47,47,47,47,47,47,47,47,47,47,47,47,47,47,47,47,47,47,47,47,
0,0,0,0,0,16,77,72,72,72,72,72,72,72,72,72,72,72,72,72,72,72,72,72,77,17,0,0,0,0,0,0,80,80,80,80,0,0,0,0,0,0,0,0,0,0,0,0,0,0,0,0,0,0,80,80,80,80,80,0,0,80,80,80,80,0,0,0,0,0,80,80,80,0,0,0,0,0,0,0,18,22,12,12,12,12,12,12,36,45,45,45,45,45,45,45,45,45,45,45,45,56,55,47,47,47,47,47,47,47,47,47,47,47,47,47,47,47,47,47,47,47,47,47,47,47,47,47,
0,0,0,0,0,16,77,72,72,72,72,72,72,72,72,72,72,72,72,72,72,72,72,72,77,17,0,0,0,0,0,0,0,80,80,80,80,80,0,0,0,0,0,0,0,0,0,0,0,0,0,80,80,80,80,80,80,0,0,0,0,0,0,0,80,0,0,0,0,0,80,80,80,0,0,0,0,0,0,0,0,16,12,12,12,12,12,12,38,42,45,45,45,45,45,45,45,45,45,45,45,52,47,47,47,47,47,47,47,47,47,47,47,47,47,47,47,47,47,47,47,47,47,47,47,47,47,47,
0,0,0,0,0,16,77,72,72,72,72,72,72,72,72,72,72,72,72,72,72,72,72,72,77,17,0,0,0,0,0,0,0,80,80,80,80,80,0,0,0,0,0,0,0,80,80,0,0,80,80,80,80,80,80,80,80,0,0,0,0,0,0,80,80,0,0,80,0,0,80,80,0,0,0,80,0,0,0,0,0,18,22,12,12,12,12,12,33,44,45,45,45,45,45,45,45,45,45,45,45,52,47,47,47,47,47,47,47,47,47,47,47,47,47,47,47,47,47,47,47,47,47,47,47,47,47,47,
0,0,0,0,0,16,77,72,72,72,72,72,72,72,72,72,72,72,72,72,72,72,72,72,77,17,0,0,0,0,0,0,0,80,80,80,80,80,80,0,0,80,0,0,0,0,80,80,0,80,80,80,80,80,80,80,80,0,80,0,0,0,80,80,0,0,0,0,0,0,80,80,80,0,0,80,0,0,0,0,0,0,16,12,12,12,12,12,36,45,45,45,45,45,45,45,45,45,45,45,45,52,47,47,47,47,47,47,47,47,47,47,47,47,47,47,47,47,47,47,47,47,47,47,47,47,47,47,
0,0,0,0,0,16,77,72,72,72,72,72,72,72,72,72,72,72,72,72,72,72,72,72,77,17,0,0,0,0,0,0,0,0,80,80,80,80,80,80,0,0,0,0,0,0,0,80,0,80,80,80,80,80,80,80,80,0,0,80,0,0,80,80,0,80,0,0,0,0,0,80,80,0,0,0,0,0,0,0,0,0,16,12,12,12,12,33,44,45,45,45,45,45,45,45,45,45,45,45,45,52,47,47,47,47,47,47,47,47,47,47,47,47,47,47,47,47,47,47,47,47,47,47,47,47,47,47,
0,0,0,0,0,16,77,72,72,72,72,72,72,72,72,72,72,72,72,72,72,72,72,72,77,17,0,0,0,0,0,0,0,0,0,80,80,80,80,80,80,0,0,0,0,0,0,80,80,80,80,80,0,80,0,80,80,0,0,0,0,0,0,0,0,0,0,80,0,0,0,0,0,0,0,0,0,0,0,0,0,0,16,12,12,12,12,36,45,45,45,45,45,45,45,45,45,45,45,45,45,52,47,47,47,47,47,47,47,47,47,47,47,47,47,47,47,47,47,47,47,47,47,47,47,47,47,47,
0,0,0,0,0,16,77,72,72,72,72,72,72,72,72,72,72,72,72,72,72,72,72,72,77,17,0,0,0,0,0,0,0,0,0,80,80,80,80,80,80,80,0,0,0,0,0,80,80,80,80,0,0,0,0,80,0,0,0,0,0,0,0,0,80,0,0,0,0,80,0,0,80,0,0,0,0,0,0,0,0,0,16,12,12,12,12,36,45,45,45,45,45,45,45,45,45,45,45,45,45,52,47,47,47,47,47,47,47,47,47,47,47,47,47,47,47,47,47,47,47,47,47,47,47,47,47,47,
0,0,0,0,0,16,77,72,72,72,72,72,72,72,72,72,72,72,72,72,72,72,72,72,77,17,0,0,0,0,0,0,0,0,0,80,0,0,80,80,80,80,80,80,80,80,80,80,80,0,0,0,0,0,0,80,0,0,0,0,80,0,80,0,0,0,80,0,0,0,0,80,0,0,0,0,0,0,0,0,0,0,16,12,12,12,12,38,39,39,39,54,54,54,54,54,54,54,54,54,54,55,47,47,47,47,47,47,47,47,47,47,47,47,47,47,47,47,47,47,47,47,47,47,47,47,47,47,
0,0,0,0,0,16,77,72,72,72,72,72,72,72,72,72,72,72,72,72,72,72,72,72,77,17,0,0,0,0,0,0,0,0,0,0,0,0,0,0,0,0,0,0,0,0,0,0,0,0,0,0,0,80,0,0,0,0,0,0,0,0,0,0,0,0,0,5,9,0,0,0,0,80,0,0,0,0,0,0,0,0,16,12,12,12,12,12,12,12,17,63,47,47,47,47,47,47,47,47,47,47,47,47,47,47,47,47,47,47,47,47,47,47,47,47,47,47,47,47,47,47,47,47,47,47,47,47,
0,0,0,0,0,16,77,72,72,72,72,72,72,72,72,72,72,72,72,72,72,72,72,72,77,17,0,0,0,0,0,0,0,0,0,0,0,0,0,0,0,0,0,0,0,0,0,0,0,0,0,0,0,0,0,0,0,0,80,0,0,0,0,0,0,0,5,4,0,0,0,0,80,0,0,0,0,0,0,0,0,0,16,12,12,12,33,34,34,34,34,49,49,49,49,49,49,49,49,49,50,47,47,47,47,47,47,47,47,47,47,47,47,47,47,47,47,47,47,47,47,47,47,47,47,47,47,47,
0,0,0,0,0,16,77,72,72,72,72,72,72,72,72,72,72,72,72,72,72,72,72,72,77,17,0,0,0,0,0,0,0,0,0,0,0,0,0,0,0,0,13,14,14,15,0,0,0,0,0,0,0,0,80,0,0,0,0,0,0,80,0,0,0,5,4,0,0,0,0,0,0,0,0,0,0,0,0,0,0,0,16,12,12,12,36,45,45,45,45,45,45,45,45,45,45,45,45,45,52,47,47,47,47,47,47,47,47,47,47,47,47,47,47,47,47,47,47,47,47,47,47,47,47,47,47,47,
0,0,0,0,0,16,77,72,72,72,72,72,72,72,72,72,72,72,72,72,72,72,72,72,77,17,0,0,0,0,0,0,0,0,0,0,0,0,0,0,0,13,24,12,12,23,14,14,14,14,14,14,15,0,0,0,0,0,0,0,0,0,0,0,5,4,0,0,0,0,0,0,0,0,0,0,0,0,0,0,0,13,24,12,12,12,36,45,45,45,45,45,45,45,45,45,45,45,45,45,52,47,47,47,47,47,47,47,47,47,47,47,47,47,47,47,47,47,47,47,47,47,47,47,47,47,47,47,
0,0,0,0,0,16,77,72,72,72,72,72,72,72,72,72,72,72,72,72,72,72,72,72,77,17,0,0,0,0,0,0,0,0,0,0,0,0,0,0,0,16,12,33,34,34,34,34,34,34,34,35,23,14,15,0,0,0,0,0,0,0,0,0,2,0,0,0,0,0,0,0,0,0,0,0,0,0,0,0,0,16,12,12,12,12,36,45,45,45,45,45,45,45,45,45,45,45,45,45,58,50,47,47,47,47,47,47,47,47,47,47,47,47,47,47,47,47,47,47,47,47,47,47,47,47,47,47,
0,0,0,0,0,16,73,74,74,74,74,74,74,74,74,79,74,74,74,74,74,74,74,74,75,17,0,0,0,0,0,0,0,0,0,0,0,0,0,0,13,24,33,44,45,45,45,45,45,45,45,43,34,35,23,14,15,0,0,0,0,0,0,0,2,0,0,0,0,0,0,0,0,0,0,0,0,0,0,0,0,16,12,12,12,12,36,45,45,45,45,45,45,45,45,45,45,45,45,45,45,52,47,47,47,47,47,47,47,47,47,47,47,47,47,47,47,47,47,47,47,47,47,47,47,47,47,47,
0,0,0,0,0,18,19,19,19,19,19,19,19,19,19,25,19,19,19,19,19,19,19,19,19,20,0,0,0,0,0,0,0,0,0,0,0,0,0,0,16,33,44,45,45,45,45,45,45,45,45,45,45,43,34,35,23,15,0,0,0,0,0,0,2,0,0,0,0,0,80,80,80,80,0,0,0,0,0,0,0,16,12,12,12,12,36,45,45,45,45,45,45,45,45,45,45,45,45,45,45,52,47,47,47,47,47,47,47,47,47,47,47,47,47,47,47,47,47,47,47,47,47,47,47,47,47,47,
0,0,0,0,0,0,0,0,0,0,0,0,0,0,0,2,0,0,0,0,0,0,0,0,0,0,0,0,0,0,0,0,0,0,0,0,0,0,0,0,16,36,45,45,45,45,45,45,45,45,45,45,45,45,45,43,35,23,14,15,0,0,0,0,2,0,0,0,0,80,80,80,80,80,0,0,0,0,0,0,0,16,12,12,12,12,36,45,45,45,45,45,45,45,45,45,45,45,45,45,45,58,50,47,47,47,47,47,47,47,47,47,47,47,47,47,47,47,47,47,47,47,47,47,47,47,47,47,
0,0,0,0,0,0,0,0,0,0,0,0,0,0,80,2,80,0,0,0,0,0,0,0,0,0,0,0,0,0,0,0,0,0,0,0,0,0,0,0,16,36,45,45,45,45,45,45,45,45,45,45,45,45,45,45,43,35,12,17,0,0,0,0,2,0,0,0,80,80,80,80,80,80,80,80,0,0,0,0,0,16,12,12,12,12,36,45,45,45,45,45,45,45,45,45,45,45,45,45,45,45,52,47,47,47,47,47,47,47,47,47,47,47,47,47,47,47,47,47,47,47,47,47,47,47,47,47,
0,0,0,0,0,0,0,0,0,0,0,0,0,0,0,2,0,0,0,0,0,0,0,0,0,0,0,0,0,0,0,0,0,0,0,0,0,0,0,0,16,36,45,45,45,45,45,45,45,45,45,45,45,45,45,45,45,43,35,23,15,0,0,0,2,0,0,0,80,80,80,80,80,80,80,80,0,0,0,0,0,16,12,12,12,12,36,45,45,45,45,45,45,45,45,45,45,45,45,45,45,45,58,50,47,47,47,47,47,47,47,47,47,47,47,47,47,47,47,47,47,47,47,47,47,47,47,47,
0,0,0,0,0,0,0,0,0,0,0,0,0,0,0,3,6,0,0,0,0,0,0,0,0,0,0,0,0,0,0,0,0,0,0,0,0,0,0,0,16,36,45,45,45,45,45,45,45,45,45,45,45,45,45,45,45,45,37,12,17,0,0,0,2,0,0,0,80,80,80,80,80,80,80,80,80,0,0,0,0,16,12,12,12,12,36,45,45,45,45,45,45,45,45,45,45,45,45,45,45,45,45,52,47,47,47,47,47,47,47,47,47,47,47,47,47,47,47,47,47,47,47,47,47,47,47,47,
14,14,15,0,0,0,0,0,0,0,0,0,0,0,0,0,2,0,0,0,0,0,0,0,0,0,0,0,0,0,0,0,0,0,0,0,0,0,0,13,24,36,45,45,45,45,45,45,45,45,45,45,45,45,45,45,45,45,37,21,20,0,0,0,2,0,0,0,80,80,80,80,80,80,80,80,80,0,0,0,0,16,12,12,12,12,36,45,45,45,45,45,45,45,45,45,45,45,45,45,45,45,45,52,47,47,47,47,47,47,47,47,47,47,47,47,47,47,47,47,47,47,47,47,47,47,47,47,
12,12,23,14,14,15,0,0,0,0,0,0,0,0,0,0,3,6,0,0,0,0,0,0,0,0,0,0,0,0,0,0,0,0,0,0,0,0,0,16,12,36,45,45,45,45,45,45,45,45,45,45,45,45,45,45,45,45,37,17,0,0,0,0,2,0,0,0,80,80,80,80,80,80,80,80,80,80,0,0,0,16,12,12,12,12,36,45,45,45,45,45,45,45,45,45,45,45,45,45,45,45,45,58,50,47,47,47,47,47,47,47,47,47,47,47,47,47,47,47,47,47,47,47,47,47,47,47,
12,12,12,12,12,23,14,14,15,0,0,0,0,0,0,0,0,3,1,6,0,0,0,0,0,0,0,0,0,0,0,0,0,0,0,0,0,0,0,16,12,38,42,45,45,45,45,45,45,45,45,45,45,45,45,45,45,45,37,17,0,0,0,0,2,0,0,0,80,80,80,80,80,80,80,80,80,80,0,0,0,18,22,12,12,12,36,45,45,45,45,45,45,45,45,45,45,45,45,45,45,45,45,45,52,47,47,47,47,47,47,47,47,47,47,47,47,47,47,47,47,47,47,47,47,47,47,47,
34,34,35,12,12,12,12,12,23,15,0,0,0,0,0,0,0,0,0,3,6,0,80,0,0,0,0,0,0,0,0,0,0,0,0,0,0,0,0,18,22,12,36,45,45,45,45,45,45,45,45,45,45,45,45,45,45,41,40,23,15,0,0,0,2,0,0,0,80,80,80,80,80,80,80,80,80,80,0,0,0,0,16,12,12,12,36,45,45,45,45,45,45,45,45,45,45,45,45,45,45,45,45,45,58,50,47,47,47,47,47,47,47,47,47,47,47,47,47,47,47,47,47,47,47,47,47,47,
45,45,43,34,34,34,35,12,12,23,15,0,0,0,0,0,0,0,0,0,3,1,1,6,0,0,0,0,0,0,0,0,0,0,0,0,0,0,0,0,16,12,38,42,45,45,45,45,45,45,45,45,45,45,45,45,45,37,12,12,17,0,0,0,2,0,0,0,80,80,80,80,80,80,80,80,80,80,0,0,0,0,16,12,12,12,36,45,45,45,45,45,45,45,45,45,45,45,45,45,45,45,45,45,45,58,50,47,47,47,47,47,47,47,47,47,47,47,47,47,47,47,47,47,47,47,47,47,
45,45,45,45,45,45,43,34,35,12,23,15,0,0,0,0,0,0,0,0,0,80,0,3,6,0,0,0,0,0,0,0,0,0,0,0,0,0,0,0,18,19,22,38,42,45,45,45,45,45,45,45,45,45,45,45,41,40,21,19,20,0,0,5,4,0,0,0,80,80,80,80,80,80,80,80,80,0,0,0,0,0,16,12,12,12,38,42,45,45,45,45,45,45,45,45,45,45,45,45,45,45,45,45,45,45,58,50,47,47,47,47,47,47,47,47,47,47,47,47,47,47,47,47,47,47,47,47,
45,45,45,45,45,45,45,45,43,35,12,17,0,0,0,0,0,0,0,0,0,0,0,0,3,6,0,0,0,0,0,0,0,0,0,0,0,0,0,0,0,0,18,22,38,39,42,45,45,45,45,45,45,45,45,41,40,21,20,0,0,0,0,2,0,0,0,0,0,80,80,80,80,80,80,80,0,0,0,0,5,1,28,12,12,12,12,36,45,45,45,45,45,45,45,45,45,45,45,45,45,45,45,45,45,45,45,52,47,47,47,47,47,47,47,47,47,47,47,47,47,47,47,47,47,47,47,47,
45,45,45,45,45,45,45,45,45,43,35,23,15,0,0,0,0,0,0,0,0,0,0,0,0,3,6,0,0,0,0,0,0,0,0,0,0,0,0,0,0,0,0,18,19,22,38,39,39,42,45,45,45,41,39,40,12,17,0,0,0,0,0,2,0,0,0,0,0,80,80,80,80,80,80,0,0,0,5,1,4,0,16,12,12,12,12,36,45,45,45,45,45,45,45,45,45,45,45,45,45,45,45,45,45,45,45,58,50,47,47,47,47,47,47,47,47,47,47,47,47,47,47,47,47,47,47,47,
45,45,45,45,45,45,45,45,45,45,43,35,23,14,15,0,0,0,0,0,0,0,0,0,0,0,3,6,0,0,0,0,0,0,0,0,0,0,0,0,0,0,0,0,0,18,19,19,22,38,39,39,39,40,21,19,19,20,0,0,0,0,5,4,0,0,0,0,0,0,80,80,80,80,80,0,0,5,4,0,0,0,16,12,12,12,12,36,45,45,45,45,45,45,45,45,45,45,45,45,45,45,45,45,45,45,45,45,52,47,47,47,47,47,47,47,47,47,47,47,47,47,47,47,47,47,47,47,
45,45,45,45,45,45,45,45,45,45,45,37,12,12,17,0,0,0,0,0,0,0,0,0,0,0,0,3,6,0,0,0,0,0,0,0,0,0,0,0,0,0,0,0,0,0,0,0,18,19,19,19,19,19,20,0,0,0,0,0,0,0,2,0,0,0,0,0,0,0,0,0,80,80,0,0,5,4,0,0,0,0,16,12,12,12,12,38,42,45,45,45,45,45,45,45,45,45,45,45,45,45,45,45,45,45,45,45,58,50,47,47,47,47,47,47,47,47,47,47,47,47,47,47,47,47,47,47,
39,42,45,45,45,45,45,45,45,45,45,43,35,12,23,15,0,0,0,0,0,0,0,0,0,0,0,0,3,6,0,0,0,0,0,0,0,0,0,0,0,0,0,0,0,0,0,0,0,0,0,0,0,0,0,0,0,0,0,0,0,5,4,0,0,0,0,0,0,0,0,0,0,0,0,0,2,0,0,0,0,0,16,12,12,12,12,12,36,45,45,45,45,45,45,45,45,45,45,45,45,45,45,45,45,45,45,45,45,58,50,47,47,47,47,47,47,47,47,47,47,47,47,47,47,47,47,47,
12,38,39,42,45,45,45,45,45,45,45,45,37,12,12,17,0,0,0,0,0,0,0,0,0,0,0,0,80,2,80,0,0,0,0,0,0,0,0,0,0,0,0,0,0,0,0,0,0,0,0,0,0,0,0,0,0,0,0,0,5,4,0,0,0,0,0,0,0,0,0,0,0,0,0,5,4,0,0,0,0,0,18,22,12,12,12,12,36,45,45,45,45,45,45,45,45,45,45,45,45,45,45,45,45,45,45,45,45,45,52,47,47,47,47,47,47,47,47,47,47,47,47,47,47,47,47,47,
12,12,12,38,42,45,45,45,45,45,45,45,43,35,12,23,15,0,0,0,0,0,0,0,0,0,0,0,0,3,6,0,0,0,0,0,0,0,0,0,0,0,0,0,0,0,0,0,0,0,0,0,0,0,0,0,0,0,0,0,2,0,0,0,0,0,0,0,0,0,0,0,0,0,5,4,0,0,0,0,0,0,0,16,12,12,12,12,38,42,45,45,45,45,45,45,45,45,45,45,45,45,45,45,45,45,45,45,45,45,58,50,47,47,47,47,47,47,47,47,47,47,47,47,47,47,47,47,
19,22,12,12,38,42,45,45,45,45,45,45,45,37,12,12,17,0,0,0,0,0,0,0,0,0,0,0,0,0,2,0,0,0,0,0,0,0,0,0,0,0,0,0,0,0,0,0,0,0,0,0,0,0,0,0,0,0,0,5,4,0,0,0,0,0,0,0,0,0,0,0,0,0,2,0,0,0,0,0,0,0,0,16,12,12,12,12,12,36,45,45,45,45,45,45,45,45,45,45,45,45,45,45,45,45,45,45,45,45,45,58,50,47,47,47,47,47,47,47,47,47,47,47,47,47,47,47,
0,18,22,12,12,38,42,45,45,45,45,45,45,43,35,12,23,15,0,0,0,0,0,0,0,0,0,0,0,0,3,6,0,0,0,0,0,0,0,0,0,0,0,0,0,0,0,0,0,0,0,0,0,0,0,0,0,0,0,2,0,0,0,0,0,0,0,0,0,0,0,0,0,5,4,0,0,0,0,0,0,0,0,18,22,12,12,12,12,36,45,45,45,45,45,45,45,45,45,45,45,45,45,45,45,45,45,45,45,45,45,45,52,47,47,47,47,47,47,47,47,47,47,47,47,47,47,47,
0,0,18,19,22,12,38,42,45,45,45,45,45,45,37,12,12,17,0,0,0,0,0,0,0,0,0,0,0,0,0,3,6,0,0,0,0,0,0,0,0,0,0,0,0,0,0,0,0,0,0,0,0,0,0,0,0,0,5,4,0,0,0,0,0,0,0,0,0,0,0,0,5,4,0,0,0,0,0,0,0,0,0,0,16,12,12,12,12,38,42,45,45,45,45,45,45,45,45,45,45,45,45,45,45,45,45,45,45,45,45,45,52,47,47,47,47,47,47,47,47,47,47,47,47,47,47,47,
0,0,0,0,18,22,12,38,42,45,45,45,45,45,37,12,12,23,15,0,0,0,0,0,0,0,0,0,0,0,0,0,2,0,0,0,80,0,0,0,80,0,0,80,0,0,80,0,0,0,80,0,0,80,0,0,0,80,2,80,0,0,0,80,0,0,0,0,0,0,0,5,4,0,0,0,0,0,0,0,0,0,0,0,18,22,12,12,12,12,36,45,45,45,45,45,45,45,45,45,45,45,45,45,45,45,45,45,45,45,45,45,52,47,47,47,47,47,47,47,47,47,47,47,47,47,47,47,
0,0,0,0,0,16,12,12,36,45,45,45,45,45,43,35,12,12,17,0,0,0,0,0,0,0,0,0,0,0,0,0,3,32,1,1,1,1,1,1,1,1,1,1,1,1,1,1,1,1,1,1,1,1,1,1,1,1,7,1,1,1,1,1,1,6,0,0,0,0,5,4,0,0,0,0,0,0,0,0,0,0,0,0,0,16,12,12,12,12,36,45,45,45,45,45,45,45,45,45,45,45,45,45,45,45,45,45,45,45,45,45,58,50,47,47,47,47,47,47,47,47,47,47,47,47,47,47,
0,0,0,0,0,18,22,12,38,42,45,45,45,45,45,37,12,12,23,15,0,0,0,0,0,0,0,0,0,0,0,0,0,2,0,0,80,0,0,0,80,0,0,80,0,0,80,0,0,0,80,0,0,80,0,0,0,80,2,80,0,0,0,80,0,3,1,1,1,1,4,0,0,0,0,0,0,0,0,0,0,0,0,0,0,16,12,12,12,12,36,45,45,45,45,45,45,45,45,45,45,45,45,45,45,45,45,45,45,45,45,45,45,52,47,47,47,47,47,47,47,47,47,47,47,47,47,47,
0,0,0,0,0,0,18,22,12,36,45,45,45,45,45,43,35,12,12,17,0,0,0,0,0,0,0,0,0,0,0,0,0,3,6,0,0,0,0,0,0,0,0,0,0,0,0,0,0,0,0,0,0,0,0,0,0,0,2,0,0,0,0,0,0,0,0,0,0,0,0,0,0,0,0,0,0,0,0,0,0,0,0,13,14,24,12,12,12,12,36,45,45,45,45,45,45,45,45,45,45,45,45,45,45,45,45,45,45,45,45,45,45,52,47,47,47,47,47,47,47,47,47,47,47,47,47,47,
0,0,0,0,0,0,0,18,22,38,42,45,45,45,45,45,37,12,12,23,15,0,0,0,0,0,0,0,0,0,0,0,0,0,3,6,0,0,0,0,0,0,0,0,0,0,0,0,0,0,0,0,0,0,0,0,0,0,2,0,0,0,0,0,0,0,0,0,0,0,0,0,0,0,0,0,0,0,0,0,0,0,13,24,12,12,12,12,12,12,36,45,45,45,45,45,45,45,45,45,45,45,45,45,45,45,45,45,45,45,45,45,45,58,50,47,47,47,47,47,47,47,47,47,47,47,47,47,
0,0,0,0,0,0,0,0,16,12,36,45,45,45,45,45,37,12,12,12,17,0,0,0,0,0,0,0,0,0,0,0,0,0,0,2,0,0,0,0,0,0,0,0,0,0,0,0,0,0,0,0,0,0,0,0,0,0,2,0,0,0,0,0,0,0,0,0,0,0,0,0,0,0,0,0,0,0,0,0,13,14,24,12,12,12,12,12,12,12,36,45,45,45,45,45,45,45,45,45,45,45,45,45,45,45,45,45,45,45,45,45,45,45,52,47,47,47,47,47,47,47,47,47,47,47,47,47,
0,0,0,0,0,0,0,0,18,22,36,45,45,45,45,45,37,12,12,12,17,0,0,0,0,0,0,0,0,0,0,0,0,0,80,2,80,0,0,0,0,0,0,0,0,0,0,0,0,0,0,0,0,0,0,0,0,0,2,0,0,0,0,0,0,0,0,0,0,0,0,0,0,0,0,0,0,0,0,0,16,12,12,12,12,12,12,12,12,33,44,45,45,45,45,45,45,45,45,45,45,45,45,45,45,45,45,45,45,45,45,45,45,45,52,47,47,47,47,47,47,47,47,47,47,47,47,47,
0,0,0,0,0,0,0,0,0,16,38,42,45,45,45,45,37,12,12,21,20,0,0,0,0,0,0,0,0,0,0,0,0,0,0,31,1,6,0,0,0,0,0,0,0,0,0,0,0,0,0,0,0,0,0,0,0,0,2,0,0,0,0,0,0,0,0,0,0,0,0,0,0,0,0,0,0,0,0,13,24,12,12,12,12,12,12,12,12,36,45,45,45,45,45,45,45,45,45,45,45,45,45,45,45,45,45,45,45,45,45,45,45,45,52,47,47,47,47,47,47,47,47,47,47,47,47,47,
0,0,0,0,0,0,0,0,0,16,12,36,45,45,45,45,43,35,12,17,0,0,0,0,0,0,0,0,0,0,0,0,0,0,0,2,0,2,0,0,0,0,0,0,0,0,0,0,0,0,0,0,0,0,0,0,0,0,2,0,0,0,0,0,0,0,0,0,0,0,0,0,0,0,0,0,0,0,13,24,12,12,12,12,12,12,12,12,12,36,45,45,45,45,45,45,45,45,45,45,45,45,45,45,45,45,45,45,45,45,45,45,45,45,52,47,47,47,47,47,47,47,47,47,47,47,47,47,
0,0,0,0,0,0,0,0,0,16,12,36,45,45,45,45,45,37,12,17,0,0,0,0,0,0,0,0,0,0,0,0,0,0,0,2,0,3,6,0,0,0,0,0,0,0,0,0,0,0,0,0,0,0,0,0,0,0,11,0,0,0,0,0,0,0,0,0,0,0,0,0,0,0,0,0,0,0,16,12,12,12,12,12,12,12,12,12,12,38,42,45,45,45,45,45,45,45,45,45,45,45,45,45,45,45,45,45,45,45,45,45,45,45,52,47,47,47,47,47,47,47,47,47,47,47,47,47,
0,0,0,0,0,0,0,0,0,16,12,36,45,45,45,45,45,37,12,17,0,0,0,0,0,0,0,0,0,0,0,0,0,0,0,2,0,0,3,1,6,0,0,0,0,0,0,0,0,0,0,0,0,0,0,0,0,0,0,0,0,0,0,0,0,0,0,0,0,0,0,0,0,0,13,14,14,14,24,12,12,12,12,12,12,12,12,12,12,12,36,45,45,45,45,45,45,45,45,45,45,45,45,45,45,45,45,45,45,45,45,45,45,45,52,47,47,47,47,47,47,47,47,47,47,47,47,47,
0,0,0,0,0,0,0,0,0,16,12,36,45,45,45,45,45,37,12,23,15,0,0,0,0,0,0,0,0,0,0,0,0,0,5,4,0,0,0,0,3,1,6,0,0,0,0,0,0,0,0,0,0,0,0,0,0,0,0,0,0,0,0,0,0,0,0,0,0,0,13,14,14,14,24,12,12,12,12,12,12,12,12,12,12,12,12,12,12,33,44,45,45,45,45,45,45,45,45,45,45,45,45,45,45,45,45,45,45,45,45,45,45,45,52,47,47,47,47,47,47,47,47,47,47,47,47,47,
0,0,0,0,0,0,0,0,0,16,12,38,39,39,39,39,39,40,12,12,17,0,0,0,0,0,0,0,0,0,0,0,0,0,2,0,0,0,0,0,0,0,3,6,0,0,0,0,0,0,0,0,0,0,0,0,0,0,0,0,0,0,0,0,0,0,0,0,13,14,24,12,12,12,12,12,12,12,12,12,12,12,12,12,12,12,12,12,12,36,45,45,45,45,45,45,45,45,45,45,45,45,45,45,45,45,45,45,45,45,45,45,45,56,55,47,47,47,47,47,47,47,47,47,47,47,47,47,
0,0,0,0,0,0,0,0,0,16,12,12,12,12,12,12,12,12,12,12,17,0,0,0,0,0,0,0,0,0,0,0,0,5,4,0,0,0,0,0,0,0,0,3,1,6,0,0,0,0,0,0,0,0,0,0,0,0,0,0,0,0,0,0,0,0,0,13,24,12,12,12,12,12,12,12,12,12,12,12,12,12,12,12,12,12,12,12,33,44,45,45,45,45,45,45,45,45,45,45,45,45,45,45,45,45,45,45,45,45,45,45,45,52,47,47,47,47,47,47,47,47,47,47,47,47,47,47,
0,0,0,0,0,0,0,0,0,16,12,12,12,12,12,12,12,12,12,12,17,0,0,0,0,0,0,0,0,0,0,0,5,4,0,0,0,0,0,0,0,0,0,0,0,3,1,6,0,0,0,0,0,0,0,0,0,0,0,0,0,0,0,0,0,0,0,16,12,12,12,12,12,12,12,12,12,12,12,12,12,12,12,12,12,12,12,12,36,45,45,45,45,45,45,45,45,45,45,45,45,45,45,45,45,45,45,45,45,45,45,45,45,52,47,47,47,47,47,47,47,47,47,47,47,47,47,47,
0,0,0,0,0,0,0,0,0,16,12,33,34,34,34,34,34,34,35,12,17,0,0,0,0,0,0,0,0,0,5,1,4,0,0,0,0,0,0,0,0,0,0,0,0,0,0,3,1,6,0,0,0,0,0,0,0,0,0,0,0,0,0,0,0,0,0,16,12,12,12,12,12,12,12,12,12,12,12,12,12,12,12,12,12,12,12,33,44,45,45,45,45,45,45,45,45,45,45,45,45,45,45,45,45,45,45,45,45,45,45,45,45,52,47,47,47,47,47,47,47,47,47,47,47,47,47,47,
0,0,0,0,0,0,0,0,0,16,12,36,45,45,45,45,45,45,37,12,17,0,0,0,0,0,0,0,5,1,4,0,0,0,0,0,0,0,0,0,0,0,0,0,0,0,0,0,0,3,1,6,0,0,0,0,0,0,0,0,0,0,0,0,0,0,0,16,12,12,12,12,12,12,12,12,12,12,12,12,12,12,12,12,12,12,33,44,45,45,45,45,45,45,45,45,45,45,45,45,45,45,45,45,45,45,45,45,45,45,45,45,56,55,47,47,47,47,47,47,47,47,47,47,47,47,47,47,
0,0,0,0,0,0,0,0,0,16,12,36,45,45,45,45,45,45,37,12,17,0,0,5,1,1,1,1,4,0,0,0,0,0,0,0,0,0,0,0,0,0,0,0,0,0,0,0,0,0,0,3,6,0,0,0,0,0,0,0,0,0,0,0,0,0,13,24,12,12,12,12,12,12,12,12,12,12,12,12,12,12,12,12,12,12,36,45,45,45,45,45,45,45,45,45,45,45,45,45,45,45,45,45,45,45,45,45,45,45,45,45,52,47,47,47,47,47,47,47,47,47,47,47,47,47,47,47,
0,0,0,0,0,0,0,0,0,16,12,36,45,45,45,45,45,45,37,12,23,14,14,26,15,0,0,0,0,0,0,0,0,0,0,0,0,0,0,0,0,0,0,0,0,0,0,0,0,0,0,0,3,1,6,0,0,0,0,0,0,0,0,0,0,0,16,12,12,12,12,12,12,12,12,12,12,12,12,12,12,12,12,12,12,33,44,45,45,45,45,45,45,45,45,45,45,45,45,45,45,45,45,45,45,45,45,45,45,45,45,56,55,47,47,47,47,47,47,47,47,47,47,47,47,47,47,47,
0,0,0,0,0,0,0,0,0,16,12,36,45,45,45,45,45,45,37,12,12,12,12,12,17,0,0,0,0,0,0,0,0,0,0,0,0,0,0,0,0,0,0,0,0,0,0,0,0,0,0,0,0,0,3,6,0,0,0,0,0,0,0,0,0,13,24,12,12,12,12,12,12,12,12,12,12,12,12,12,12,12,12,12,12,36,45,45,45,45,45,45,45,45,45,45,45,45,45,45,45,45,45,45,45,45,45,45,45,45,45,52,47,47,47,47,47,47,47,47,47,47,47,47,47,47,47,47,
0,0,0,0,0,0,0,0,0,16,12,36,45,45,45,45,45,45,37,12,12,12,12,12,23,14,14,14,15,0,0,0,0,0,0,0,0,0,0,0,0,0,0,0,0,0,0,0,0,0,0,0,0,0,0,3,6,0,0,0,0,0,0,0,13,24,12,12,12,12,12,12,12,12,12,12,12,12,12,12,12,12,12,12,33,44,45,45,45,45,45,45,45,45,45,45,45,45,45,45,45,45,45,45,45,45,45,45,45,45,45,52,47,47,47,47,47,47,47,47,47,47,47,47,47,47,47,47,
0,0,0,0,0,0,0,0,0,16,12,36,45,45,45,45,45,41,40,12,12,12,12,12,12,12,12,12,23,14,14,15,0,0,0,0,0,0,0,0,0,0,0,0,0,0,0,0,0,0,0,0,0,0,0,0,3,6,0,0,0,0,0,0,16,12,12,12,12,12,12,12,12,12,12,12,12,12,12,12,12,12,12,33,44,45,45,45,45,45,45,45,45,45,45,45,45,45,45,45,45,45,45,45,45,45,45,45,45,45,45,52,47,47,47,47,47,47,47,47,47,47,47,47,47,47,47,47,
0,0,0,0,0,0,0,0,0,16,12,36,45,45,45,45,45,37,12,12,12,12,12,12,12,12,12,12,12,12,12,23,14,14,15,0,0,0,0,0,0,0,0,0,0,0,0,0,0,0,0,0,0,0,0,0,0,3,6,0,0,0,0,13,24,12,12,12,12,12,12,12,12,12,12,12,12,12,12,12,12,12,12,36,45,45,45,45,45,45,45,45,45,45,45,45,45,45,45,45,45,45,45,45,45,45,45,45,45,45,56,55,47,47,47,47,47,47,47,47,47,47,47,47,47,47,47,47,
0,0,0,0,0,0,0,0,0,16,12,36,45,45,45,45,45,37,12,12,12,12,12,12,12,12,12,12,12,12,12,12,12,12,23,14,14,15,0,0,0,0,0,0,0,0,0,0,0,0,0,0,0,0,0,0,0,0,2,0,0,0,13,24,12,12,12,12,12,12,12,12,12,12,12,12,12,12,12,12,12,12,33,44,45,45,45,45,45,45,45,45,45,45,45,45,45,45,45,45,45,45,45,45,45,45,45,45,45,45,52,47,47,47,47,47,47,47,47,47,47,47,47,47,47,47,47,47,
0,0,0,0,0,0,0,0,0,16,12,36,45,45,45,45,45,37,12,12,12,12,12,12,12,12,12,12,12,12,12,12,12,12,12,12,12,12,14,14,15,0,0,0,0,0,0,0,0,0,0,0,0,0,0,0,0,0,2,0,13,14,24,12,12,12,12,12,12,12,12,12,12,12,12,12,12,12,12,12,12,33,44,45,45,45,45,45,45,45,45,45,45,45,45,45,45,45,45,45,45,45,45,45,45,45,45,45,45,45,52,47,47,47,47,47,47,47,47,47,47,47,47,47,47,47,47,47,
0,0,0,0,0,0,0,0,0,16,12,36,45,45,45,45,45,37,12,12,12,12,12,12,12,12,12,12,12,12,12,12,12,12,12,12,12,12,12,12,23,14,14,14,15,0,0,0,0,0,0,0,0,0,0,0,0,13,26,14,24,12,12,12,12,12,12,12,12,12,12,12,12,12,12,12,12,12,12,12,33,44,45,45,45,45,45,45,45,45,45,45,45,45,45,45,45,45,45,45,45,45,45,45,45,45,45,45,45,45,52,47,47,47,47,47,47,47,47,47,47,47,47,47,47,47,47,47,
0,0,0,0,0,0,0,0,13,24,33,44,45,45,45,45,45,37,12,12,12,12,12,12,12,12,12,12,12,12,12,12,12,12,12,12,12,12,12,12,12,12,12,12,23,14,14,14,14,14,14,14,14,14,14,14,14,12,12,12,12,12,12,12,12,12,12,12,12,12,12,12,12,12,12,12,12,12,12,33,44,45,45,45,45,45,45,45,45,45,45,45,45,45,45,45,45,45,45,45,45,45,45,45,45,45,45,45,45,56,55,47,47,47,47,47,47,47,47,47,47,47,47,47,47,47,47,47,
0,0,0,0,0,0,0,13,24,12,36,45,45,45,45,45,41,40,12,12,12,12,12,12,12,12,12,12,12,12,12,12,12,12,12,12,12,12,12,12,12,12,12,12,12,12,12,12,12,12,12,12,12,12,12,12,12,12,12,12,12,12,12,12,12,12,12,12,12,12,12,12,12,12,12,12,12,12,33,44,45,45,45,45,45,45,45,45,45,45,45,45,45,45,45,45,45,45,45,45,45,45,45,45,45,45,45,45,56,55,47,47,47,47,47,47,47,47,47,47,47,47,47,47,47,47,47,47,
0,0,0,0,0,0,0,16,12,33,44,45,45,45,45,45,37,12,12,12,12,12,12,12,12,12,12,12,12,12,12,12,12,12,12,12,12,12,12,12,12,12,12,12,12,12,12,12,12,12,12,12,12,12,12,12,12,12,12,12,12,12,12,12,12,12,12,12,12,12,12,12,12,12,12,12,12,12,36,45,45,45,45,45,45,45,45,45,45,45,45,45,45,45,45,45,45,45,45,45,45,45,45,45,45,45,45,56,55,47,47,47,47,47,47,47,47,47,47,47,47,47,47,47,47,47,47,47,
0,0,0,0,0,0,13,24,12,36,45,45,45,45,45,45,37,12,12,12,12,12,12,12,12,12,12,12,12,12,12,12,12,12,12,12,12,12,12,12,12,12,12,12,12,12,12,12,12,12,12,12,12,12,12,12,12,12,12,12,12,12,12,12,12,12,12,12,12,12,12,12,12,12,12,12,12,33,44,45,45,45,45,45,45,45,45,45,45,45,45,45,45,45,45,45,45,45,45,45,45,45,45,45,45,45,45,52,47,47,47,47,47,47,47,47,47,47,47,47,47,47,47,47,47,47,47,47,
0,0,0,0,0,0,16,12,33,44,45,45,45,45,45,41,40,12,12,12,12,12,12,12,12,12,12,12,12,12,12,12,12,12,12,12,12,12,12,12,12,12,12,12,12,12,12,12,12,12,12,12,12,12,12,12,12,12,12,12,12,12,12,12,12,12,12,12,12,12,12,12,12,12,12,12,33,44,45,45,45,45,45,45,45,45,45,45,45,45,45,45,45,45,45,45,45,45,45,45,45,45,45,45,45,45,56,55,47,47,47,47,47,47,47,47,47,47,47,47,47,47,47,47,47,47,47,47,
0,0,0,0,0,13,24,33,44,45,45,45,45,45,45,37,12,12,12,12,12,12,12,12,12,12,12,12,12,12,12,12,12,12,12,12,12,12,12,12,12,12,12,12,12,12,12,12,12,12,12,12,12,12,12,12,12,12,12,12,12,12,12,12,12,12,12,12,12,12,12,12,12,12,12,12,36,45,45,45,45,45,45,45,45,45,45,45,45,45,45,45,45,45,45,45,45,45,45,45,45,45,45,45,45,56,55,47,47,47,47,47,47,47,47,47,47,47,47,47,47,47,47,47,47,47,47,47,
0,0,0,0,13,24,33,44,45,45,45,45,45,45,45,37,12,12,12,12,12,12,12,12,12,12,12,12,12,12,12,12,12,12,12,12,12,12,12,12,12,12,12,12,12,12,12,12,12,12,12,12,12,12,12,12,12,12,12,12,12,12,12,12,12,12,12,12,12,12,12,12,12,12,12,33,44,45,45,45,45,45,45,45,45,45,45,45,45,45,45,45,45,45,45,45,45,45,45,45,45,45,45,45,45,52,47,47,47,47,47,47,47,47,47,47,47,47,47,47,47,47,47,47,47,47,47,47,
0,0,0,0,16,33,44,45,45,45,45,45,45,45,41,40,12,12,12,12,12,12,12,12,12,12,12,12,12,12,12,12,12,12,12,12,12,12,12,12,12,12,12,12,12,12,12,12,12,12,12,12,12,12,12,12,12,12,12,12,12,12,12,12,12,12,12,12,12,12,12,12,12,12,12,36,45,45,45,45,45,45,45,45,45,45,45,45,45,45,45,45,45,45,45,45,45,45,45,45,45,45,45,45,56,55,47,47,47,47,47,47,47,47,47,47,47,47,47,47,47,47,47,47,47,47,47,47,
0,0,13,14,24,36,45,45,45,45,45,45,45,41,40,12,12,12,12,12,12,12,12,12,12,12,12,12,12,12,12,12,12,12,12,12,12,12,12,12,12,12,12,12,12,12,12,12,12,12,12,12,12,12,12,12,12,12,12,12,12,12,12,12,12,12,12,12,12,12,12,12,12,12,12,36,45,45,45,45,45,45,45,45,45,45,45,45,45,45,45,45,45,45,45,45,45,45,45,45,45,45,45,45,52,47,47,47,47,47,47,47,47,47,47,47,47,47,47,47,47,47,47,47,47,47,47,47,
14,14,24,12,33,44,45,45,45,45,45,45,45,40,12,12,12,12,12,12,12,12,12,12,12,12,12,12,12,12,12,12,12,12,12,12,12,12,12,12,12,12,12,12,12,12,12,12,12,12,12,12,12,12,12,12,12,12,12,12,12,12,12,12,12,12,12,12,12,12,12,12,12,12,12,36,45,45,45,45,45,45,45,45,45,45,45,45,45,45,45,45,45,45,45,45,45,45,45,45,45,45,45,45,52,47,47,47,47,47,47,47,47,47,47,47,47,47,47,47,47,47,47,47,47,47,47,47,
12,12,12,33,44,45,45,45,45,45,45,41,40,12,12,12,12,12,12,12,12,12,12,12,12,12,12,12,12,12,12,12,12,12,12,12,12,12,12,12,12,12,12,12,12,12,12,12,12,12,12,12,12,12,12,12,12,12,12,12,12,12,12,12,12,12,12,12,12,12,12,12,12,12,12,36,45,45,45,45,45,45,45,45,45,45,45,45,45,45,45,45,45,45,45,45,45,45,45,45,45,45,45,56,55,47,47,47,47,47,47,47,47,47,47,47,47,47,47,47,47,47,47,47,47,47,47,47,
12,12,33,44,45,45,45,45,45,45,41,40,12,12,12,12,12,12,12,12,12,12,12,12,12,12,12,12,12,12,12,12,12,12,12,12,12,12,12,12,12,12,12,12,12,12,12,12,12,12,12,12,12,12,12,12,12,12,12,12,12,12,12,12,12,12,12,12,12,12,12,12,12,12,12,36,45,45,45,45,45,45,45,45,45,45,45,45,45,45,45,45,45,45,45,45,45,45,45,45,45,45,56,55,47,47,47,47,47,47,47,47,47,47,47,47,47,47,47,47,47,47,47,47,47,47,47,47,
34,34,44,45,45,45,45,45,45,41,40,12,12,12,12,12,12,12,12,12,12,12,12,12,12,12,12,12,12,12,12,12,12,12,12,12,12,12,12,12,12,12,12,12,12,12,12,12,12,12,12,12,12,12,12,12,12,12,12,12,12,12,12,12,12,12,12,12,12,12,12,12,12,12,12,36,45,45,45,45,45,45,45,45,45,45,45,45,45,45,45,45,45,45,45,45,45,45,45,45,45,45,52,47,47,47,47,47,47,47,47,47,47,47,47,47,47,47,47,47,47,47,47,47,47,47,47,47,
45,45,45,45,45,45,45,45,41,40,12,12,12,12,12,12,12,12,12,12,12,12,12,12,12,12,12,12,12,12,12,12,12,12,12,12,12,12,12,12,12,12,12,12,12,12,12,12,12,12,12,12,12,12,12,12,12,12,12,12,12,12,12,12,12,12,12,12,12,12,12,12,12,12,12,36,45,45,45,45,45,45,45,45,45,45,45,45,45,45,45,45,45,45,45,45,45,45,45,45,45,56,55,47,47,47,47,47,47,47,47,47,47,47,47,47,47,47,47,47,47,47,47,47,47,47,47,47,
45,45,45,45,45,45,45,41,40,12,12,12,12,12,12,12,12,12,12,12,12,12,12,12,12,12,12,12,12,12,12,12,12,12,12,12,12,12,12,12,12,12,12,12,12,12,12,12,12,12,12,12,12,12,12,12,12,12,12,12,12,12,12,12,12,12,12,12,12,12,12,12,12,12,12,36,45,45,45,45,45,45,45,45,45,45,45,45,45,45,45,45,45,45,45,45,45,45,45,45,45,52,47,47,47,47,47,47,47,47,47,47,47,47,47,47,47,47,47,47,47,47,47,47,47,47,47,47,
45,45,45,45,45,45,45,37,12,12,12,12,12,12,12,12,12,12,12,12,12,12,12,12,12,12,12,12,12,12,12,12,12,12,12,12,12,12,12,12,12,12,12,12,12,12,12,12,12,12,12,12,12,12,12,12,12,12,12,12,12,12,12,12,12,12,12,12,12,12,12,12,12,12,12,36,45,45,45,45,45,45,45,45,45,45,45,45,45,45,45,45,45,45,45,45,45,45,45,45,45,52,47,47,47,47,47,47,47,47,47,47,47,47,47,47,47,47,47,47,47,47,47,47,47,47,47,47,
45,45,45,45,45,41,39,40,12,12,12,12,12,12,12,12,12,12,12,12,12,12,12,12,12,12,12,12,12,12,12,12,12,12,12,12,12,12,12,12,12,12,12,12,12,12,12,12,12,12,12,12,12,12,12,12,12,12,12,12,12,12,12,12,12,12,12,12,12,12,12,12,12,12,12,36,45,45,45,45,45,45,45,45,45,45,45,45,45,45,45,45,45,45,45,45,45,45,45,45,56,55,47,47,47,47,47,47,47,47,47,47,47,47,47,47,47,47,47,47,47,47,47,47,47,47,47,47,
45,45,45,45,45,37,12,12,12,12,12,12,12,12,12,12,12,12,12,12,33,34,35,12,12,12,12,12,12,12,12,12,12,12,12,12,12,12,12,12,12,12,12,12,12,12,12,12,12,12,12,12,12,12,12,12,12,12,12,12,12,12,12,12,12,12,12,12,12,12,12,12,12,12,12,36,45,45,45,45,45,45,45,45,45,45,45,45,45,45,45,45,45,45,45,45,45,45,45,45,52,47,47,47,47,47,47,47,47,47,47,47,47,47,47,47,47,47,47,47,47,47,47,47,47,47,47,47,
45,45,45,45,41,40,12,12,12,12,12,12,12,12,12,12,12,12,12,33,44,45,43,35,12,12,12,12,12,12,12,12,12,12,12,12,12,12,12,12,12,12,12,12,12,12,12,12,12,12,12,12,12,12,12,12,12,12,12,12,12,12,12,12,12,12,12,12,12,12,12,12,12,12,12,36,45,45,45,45,45,45,45,45,45,45,45,45,45,45,45,45,45,45,45,45,45,45,45,45,52,47,47,47,47,47,47,47,47,47,47,47,47,47,47,47,47,47,47,47,47,47,47,47,47,47,47,47,
45,45,41,39,40,12,12,12,12,12,12,12,12,12,12,12,12,12,33,44,45,45,45,43,35,12,12,12,12,12,12,12,12,12,33,34,34,35,12,12,12,12,12,12,12,12,12,12,12,12,12,33,35,12,12,12,12,12,12,12,12,12,12,12,33,34,34,35,12,12,12,12,12,12,12,36,45,45,45,45,45,45,45,45,45,45,45,45,45,45,45,45,45,45,45,45,45,45,45,45,52,47,47,47,47,47,47,47,47,47,47,47,47,47,47,47,47,47,47,47,47,47,47,47,47,47,47,47,
45,41,40,12,12,12,12,12,12,12,12,12,12,12,12,12,12,12,38,42,45,45,45,45,43,35,12,12,12,12,33,34,34,34,44,45,45,43,34,34,34,34,35,12,12,12,12,12,12,12,12,38,40,12,12,12,12,12,12,12,12,12,33,34,44,45,45,43,34,34,35,12,12,12,12,36,45,45,45,45,45,45,45,45,45,45,45,45,45,45,45,45,45,45,45,45,45,45,45,45,52,47,47,47,47,47,47,47,47,47,47,47,47,47,47,47,47,47,47,47,47,47,47,47,47,47,47,47,
41,40,12,12,12,12,12,12,12,12,12,12,12,12,12,12,12,12,12,38,42,45,45,41,39,40,12,12,12,33,44,45,45,45,45,45,45,45,45,45,45,45,43,34,34,34,34,34,35,12,12,12,12,12,12,12,12,12,12,12,33,34,44,45,45,45,45,45,45,45,43,35,12,12,12,36,45,45,45,45,45,45,45,45,45,45,45,45,41,39,42,45,45,45,45,45,45,45,45,45,52,47,47,47,47,47,47,47,47,47,47,47,47,47,47,47,47,47,47,47,47,47,47,47,47,47,47,47,
40,12,12,12,12,12,12,12,12,12,12,12,12,12,12,12,12,12,12,12,38,39,39,40,12,12,12,12,33,44,45,45,45,45,45,45,45,45,45,45,45,45,45,45,45,45,45,45,43,34,34,35,12,12,12,12,12,12,12,33,44,45,45,45,45,45,45,45,45,45,45,37,12,12,12,36,45,45,45,45,45,45,45,45,45,45,45,45,37,12,38,42,45,45,45,45,45,45,45,45,52,47,47,47,47,47,47,47,47,47,47,47,47,47,47,47,47,47,47,47,47,47,47,47,47,47,47,47,
12,12,12,12,12,12,12,12,12,12,12,12,12,12,12,12,12,12,12,12,12,12,12,12,12,12,12,12,36,45,45,45,45,45,45,45,45,45,45,45,45,45,45,45,45,45,45,45,45,45,45,43,34,35,12,12,12,12,33,44,45,45,45,45,45,45,45,45,45,45,41,40,12,12,12,36,45,45,45,45,45,45,45,45,45,45,45,45,37,12,12,36,45,45,45,45,45,45,45,45,58,50,47,47,47,47,47,47,47,47,47,47,47,47,47,47,76,74,74,79,74,74,78,47,47,47,47,47,
12,12,12,12,12,12,12,12,12,12,12,12,12,12,33,35,12,12,12,12,12,12,12,12,12,12,12,12,36,45,45,45,45,45,45,45,45,45,45,45,45,45,45,45,45,45,45,45,45,45,41,39,39,40,12,12,12,33,44,45,45,45,45,45,45,45,45,45,45,41,40,12,12,12,12,36,45,45,45,45,45,45,45,45,45,45,45,45,37,12,33,44,45,45,45,45,45,45,45,45,45,52,47,47,47,47,47,47,47,47,47,47,47,47,76,74,75,72,72,72,72,72,73,74,78,47,47,47,
12,12,12,12,12,12,12,12,12,12,12,12,33,34,44,43,34,35,12,12,12,12,12,12,12,12,12,12,36,45,45,45,45,45,45,45,45,45,41,39,39,39,39,39,39,39,39,39,39,39,40,12,12,12,12,12,33,44,45,45,45,45,45,45,45,45,45,45,41,40,12,12,12,12,12,36,45,45,45,45,45,45,45,45,45,45,41,39,40,12,36,45,45,45,45,45,45,45,45,45,45,58,50,47,47,47,47,47,47,47,47,47,47,76,75,72,72,72,72,72,72,72,72,72,73,78,47,47,
12,12,12,12,12,12,12,12,12,12,12,33,44,45,45,45,45,43,34,35,12,12,12,12,12,12,12,12,38,42,45,45,45,41,39,39,39,39,40,12,12,12,12,12,12,12,12,12,12,12,12,12,12,12,12,12,36,45,45,45,45,45,45,45,45,45,45,41,40,12,12,12,12,12,12,36,45,45,45,45,45,45,45,45,45,45,37,12,12,12,36,45,45,45,45,45,45,45,45,45,45,45,52,47,47,47,47,47,47,47,47,47,76,75,72,72,72,72,72,72,72,72,72,72,72,73,78,47,
12,12,12,12,12,12,12,12,12,12,33,44,45,45,45,45,45,45,45,43,35,12,12,12,12,12,12,12,12,38,39,39,39,40,12,12,12,12,12,12,12,12,12,12,12,12,12,12,12,12,12,12,12,12,12,33,44,45,45,45,45,45,45,45,45,45,41,40,12,12,12,12,12,12,33,44,45,45,45,45,45,45,45,45,45,41,40,12,12,33,44,41,42,45,45,45,45,45,45,45,45,45,52,47,47,47,47,47,47,47,47,47,77,72,72,72,72,72,72,72,72,72,72,72,72,72,77,47,
12,12,12,12,12,12,12,12,12,12,36,45,45,45,45,45,45,45,45,45,43,35,12,12,12,12,12,12,12,12,12,12,12,12,12,12,12,12,12,12,12,33,34,35,12,12,12,12,12,12,12,12,12,12,12,36,45,45,45,45,45,45,45,45,41,39,40,12,12,12,12,12,12,33,44,45,45,45,45,45,45,45,45,45,45,37,12,12,12,36,41,40,38,42,45,45,45,45,45,45,45,45,58,50,47,47,47,47,47,47,47,76,75,72,72,72,72,72,72,72,72,72,72,72,72,72,73,78,
12,12,12,12,12,12,12,12,12,33,44,45,45,45,45,45,45,45,45,45,45,37,12,12,12,12,12,12,12,12,12,12,12,12,12,33,34,34,34,34,34,44,45,43,34,34,35,12,12,12,12,12,12,12,12,38,42,45,45,45,45,45,45,41,40,12,12,12,12,12,12,12,33,44,45,45,45,45,45,45,45,45,45,45,41,40,12,12,12,36,43,35,12,36,45,45,45,45,45,45,45,45,45,58,50,47,47,47,47,47,47,77,72,72,72,72,72,72,72,72,72,72,72,72,72,72,72,77,
12,12,12,12,12,12,12,12,12,36,45,45,45,45,45,45,45,45,45,45,45,37,12,12,12,12,12,12,12,12,12,12,12,12,33,44,45,45,45,45,45,45,45,45,45,45,43,35,12,12,12,12,12,12,12,12,38,39,42,45,45,41,39,40,12,12,12,12,12,12,12,33,44,45,45,45,45,45,45,45,45,41,39,42,37,12,12,12,12,36,45,37,12,38,42,45,45,45,45,45,45,45,45,45,52,47,47,47,47,47,47,77,72,72,72,72,72,72,72,72,72,72,72,72,72,72,72,77,
12,12,12,12,12,12,12,12,33,44,45,45,45,45,45,45,45,45,45,45,45,37,12,12,12,12,12,12,12,12,12,12,33,34,44,45,45,45,45,45,45,45,45,45,45,45,45,37,12,12,12,12,12,12,12,12,12,12,38,39,39,40,12,12,12,12,12,12,12,12,33,44,45,45,45,45,45,45,45,41,39,40,12,36,37,12,12,12,12,36,41,40,12,33,44,45,45,45,45,45,45,45,45,45,58,50,47,47,47,47,47,77,72,72,72,72,72,72,72,72,72,72,72,72,72,72,72,77,
12,12,12,12,12,12,12,12,36,45,45,45,45,45,45,45,45,45,45,45,45,37,12,12,12,12,12,12,12,12,12,12,36,45,45,45,45,45,45,45,45,45,45,45,45,45,45,43,35,12,12,12,12,12,12,12,12,12,12,12,12,12,12,12,12,12,12,12,12,33,44,45,45,45,45,45,45,45,41,40,12,12,33,44,37,12,12,12,12,36,43,35,33,44,45,45,45,45,45,45,45,45,45,45,45,52,47,47,47,47,47,77,72,72,72,72,72,72,72,72,72,72,72,72,72,72,72,77,
12,12,12,12,12,12,12,33,44,45,45,45,45,45,45,45,45,45,45,45,45,37,12,12,12,12,12,12,12,12,12,33,44,45,45,45,45,45,45,45,45,45,45,45,45,45,45,45,37,12,12,12,12,12,12,12,12,12,12,12,12,12,12,12,12,12,12,12,33,44,45,45,45,45,45,45,45,41,40,12,12,12,36,45,37,12,12,12,12,38,45,43,44,45,45,45,45,45,45,45,45,45,45,45,45,58,50,47,47,47,47,77,72,72,72,72,72,72,72,72,72,72,72,72,72,72,72,77,
12,12,12,12,12,12,12,36,45,45,45,45,45,45,45,45,45,45,45,45,41,40,12,12,12,12,12,12,12,12,33,44,45,45,45,45,45,45,45,45,45,45,45,45,45,45,45,45,37,12,12,12,12,12,12,12,12,12,12,12,12,12,12,12,12,12,12,33,44,45,45,45,45,45,45,45,45,37,12,12,12,12,36,41,40,12,12,12,12,12,36,45,45,41,42,45,45,45,45,45,45,45,45,45,45,45,58,50,47,47,47,73,78,72,72,72,72,72,72,72,72,72,72,72,72,72,76,75,
12,12,12,12,12,12,12,36,45,45,45,45,45,45,45,45,45,45,45,45,37,12,12,12,12,12,12,12,12,12,36,45,45,45,45,45,45,45,45,45,45,45,45,45,45,45,45,41,40,12,12,12,12,12,12,12,33,34,34,35,12,12,12,12,12,12,33,44,45,45,45,45,45,45,45,45,45,37,12,12,12,33,44,37,12,12,12,12,12,12,36,45,45,37,38,42,45,45,45,45,45,45,45,45,45,45,45,58,50,47,47,47,77,72,72,72,72,72,72,72,72,72,72,72,72,72,77,47,
12,12,12,12,12,12,12,36,45,45,45,45,45,45,45,45,45,45,41,39,40,12,12,12,12,12,12,12,12,12,36,45,45,45,45,45,45,45,45,45,45,45,45,45,45,45,41,40,12,12,12,12,12,12,12,33,44,45,45,37,12,12,12,12,12,33,44,45,45,45,45,45,45,45,45,45,45,43,35,12,33,44,41,40,12,12,12,12,12,12,36,45,45,37,12,38,42,45,45,45,45,45,45,45,45,45,45,45,58,50,47,47,73,78,72,72,72,72,72,72,72,72,72,72,72,76,75,47,
12,12,12,12,12,12,12,36,45,45,45,45,45,45,45,45,45,41,40,12,12,12,12,12,12,12,12,12,12,33,44,45,45,45,45,45,45,45,45,45,45,45,45,45,45,45,37,12,12,12,12,12,12,12,12,38,42,45,41,40,12,12,12,12,33,44,45,45,45,45,45,45,45,45,41,39,39,42,43,34,44,41,40,12,12,12,12,12,12,12,36,45,45,37,12,12,38,42,45,45,45,45,45,45,45,45,45,45,45,52,47,47,47,73,78,72,72,72,72,72,72,72,72,72,76,75,47,47,
12,12,12,12,12,12,12,38,42,45,45,45,45,45,45,41,39,40,12,12,12,12,12,12,12,12,12,12,12,36,45,45,45,45,45,45,45,45,45,45,45,45,45,45,45,41,40,12,12,12,12,12,12,12,12,12,38,39,40,12,12,12,12,33,44,45,45,45,45,45,45,45,45,45,37,12,12,36,45,45,41,40,12,12,12,12,12,12,12,33,44,45,45,43,35,12,12,38,42,45,45,45,45,45,45,45,45,45,45,58,50,47,47,47,73,74,78,72,72,72,72,72,76,74,75,47,47,47,
12,12,12,12,12,12,12,12,38,42,45,45,45,41,39,40,12,12,12,12,12,12,12,12,12,12,12,12,12,36,45,45,45,45,45,45,45,45,45,45,45,45,45,45,41,40,12,12,12,12,12,12,12,12,12,12,12,12,12,12,12,12,33,44,45,45,45,45,45,45,45,45,45,45,37,12,12,36,45,41,40,12,12,12,12,12,12,12,33,44,45,41,42,45,43,35,12,12,36,45,45,45,45,45,45,45,45,45,45,45,58,50,47,47,47,47,73,74,74,79,74,74,75,47,47,47,47,47,
12,12,12,12,12,12,12,12,12,38,39,39,39,40,12,12,12,12,12,12,12,12,12,12,33,35,12,12,12,38,42,45,45,45,45,45,45,45,45,45,45,45,45,41,40,12,12,12,12,12,33,34,34,35,12,12,12,12,12,12,12,33,44,45,45,45,45,45,45,45,45,45,45,41,40,12,33,44,45,37,12,12,12,12,12,12,12,12,36,45,41,40,38,42,45,43,35,12,38,42,45,45,45,45,45,45,45,45,45,45,45,52,47,47,47,47,47,47,47,47,47,47,47,47,47,47,47,47,
12,12,12,12,12,12,12,12,12,12,12,12,12,12,12,12,12,12,12,12,12,12,12,33,44,43,35,12,12,12,38,45,45,45,45,45,45,45,45,45,45,45,41,40,12,12,12,12,12,33,44,45,45,37,12,12,12,12,12,12,33,44,45,45,45,45,45,45,45,45,45,45,45,37,12,12,38,42,45,37,12,12,12,12,12,12,12,12,38,42,37,12,12,38,42,45,37,12,12,38,42,45,45,45,45,45,45,45,45,45,45,58,50,47,47,47,47,47,47,47,47,47,47,47,47,47,47,47,
12,12,12,12,12,12,12,12,12,12,12,12,12,12,12,12,12,12,12,12,12,12,12,36,45,45,43,35,12,12,12,38,39,42,45,45,45,45,45,45,41,39,40,12,12,12,12,33,34,44,45,45,41,40,12,12,12,12,12,33,44,45,45,45,45,45,45,45,45,45,45,45,45,37,12,12,12,38,42,37,12,12,12,12,12,12,12,12,12,36,37,12,12,12,38,42,43,35,12,12,38,42,45,45,45,45,45,45,45,45,45,45,58,50,47,47,47,47,47,47,47,47,47,47,47,47,47,47,
12,12,12,12,12,12,12,12,12,12,12,12,12,12,12,12,12,12,12,12,33,34,34,44,45,45,45,37,12,12,12,12,12,38,39,39,39,39,39,39,40,12,12,12,12,12,12,38,42,45,45,41,40,12,12,12,12,12,33,44,45,45,45,45,45,45,45,45,45,45,45,45,45,43,35,12,12,12,36,37,12,12,12,12,12,12,12,12,12,36,37,12,12,12,12,36,45,43,35,12,12,36,45,45,45,45,45,45,45,45,45,45,45,58,50,47,47,47,47,47,47,47,47,47,47,47,47,47,
35,12,12,12,12,12,12,12,12,12,12,12,12,12,12,12,12,12,12,33,44,45,45,45,45,45,45,43,34,35,12,12,12,12,12,12,12,12,12,12,12,12,12,12,12,12,12,12,38,39,39,40,12,12,12,12,12,33,44,45,45,45,45,45,45,45,45,45,45,45,45,45,45,45,37,12,12,12,36,43,35,12,12,12,12,12,12,12,12,36,43,35,12,12,12,36,45,45,43,35,12,38,42,45,45,45,45,45,45,45,45,45,45,45,58,50,47,47,47,47,47,47,47,47,47,47,47,47,
43,35,12,12,12,12,12,12,12,12,12,12,12,12,12,12,12,12,33,44,45,45,45,45,45,45,45,45,45,43,35,12,12,12,12,12,12,12,12,12,12,12,12,12,12,12,12,12,12,12,12,12,12,12,12,12,12,36,45,45,45,45,45,45,45,45,45,45,45,45,45,45,45,45,37,12,12,12,38,42,37,12,12,12,12,12,12,12,12,36,45,37,12,12,12,36,45,45,45,43,35,12,38,42,45,45,45,45,45,45,45,45,45,45,45,52,47,47,47,47,47,47,47,47,47,47,47,47,
45,43,35,12,12,12,12,12,12,12,12,12,12,12,12,12,33,34,44,45,45,45,45,45,45,45,45,45,45,45,37,12,12,12,12,12,12,12,12,12,12,12,12,12,12,12,12,12,12,12,12,12,12,12,12,12,33,44,45,45,45,45,45,45,45,45,45,45,45,45,45,45,45,45,37,12,12,12,12,36,37,12,12,12,12,12,12,12,12,36,45,37,12,12,12,36,45,45,45,45,43,35,12,36,45,45,45,45,45,45,45,45,45,45,45,58,50,47,47,47,47,47,47,47,47,47,47,47,
45,45,43,35,12,12,12,12,12,12,12,12,12,12,12,33,44,45,45,45,45,45,45,45,45,45,45,45,45,45,43,35,12,12,12,12,12,12,33,35,12,12,12,12,12,12,12,12,12,12,12,12,12,12,12,12,36,45,45,45,45,45,45,45,45,45,45,45,45,45,45,45,45,41,40,12,12,12,12,36,37,12,12,12,12,12,12,12,12,36,45,37,12,12,12,36,41,39,39,42,45,37,12,36,45,45,45,45,45,45,45,45,45,45,45,45,58,50,47,47,47,47,47,47,47,47,47,47,
45,45,45,43,35,12,12,12,12,12,12,12,12,12,12,36,45,45,45,45,45,45,45,45,45,45,45,45,45,45,41,40,12,12,12,12,33,34,44,37,12,12,12,12,12,33,34,34,35,12,12,12,12,12,12,33,44,45,45,45,45,45,45,45,45,45,45,45,45,45,45,45,41,40,12,12,12,12,12,36,43,35,12,12,12,12,12,12,33,44,41,40,12,12,12,36,37,12,12,38,42,43,34,44,45,45,45,45,45,45,45,45,45,45,45,45,45,52,47,47,47,47,47,47,47,47,47,47,
45,45,45,45,37,12,12,12,12,12,12,12,12,12,12,38,42,45,45,45,45,45,45,45,45,45,45,45,41,39,40,12,12,12,12,12,36,45,45,37,12,12,12,12,33,44,45,45,43,35,12,12,12,12,12,36,45,45,45,45,45,45,45,45,45,45,45,45,45,45,45,45,37,12,12,12,12,12,12,38,42,43,34,35,12,12,12,12,36,45,37,12,12,12,33,45,37,12,12,12,38,42,45,45,45,45,45,45,45,45,45,45,45,45,45,45,45,52,47,47,47,47,47,47,47,47,47,47,
45,45,45,45,43,35,12,12,12,12,12,12,12,12,12,12,38,42,45,45,45,45,45,45,41,39,39,39,40,12,12,12,12,12,12,12,36,45,41,40,12,12,12,12,36,45,45,45,41,40,12,12,12,12,12,36,45,45,45,45,45,45,45,45,45,45,45,45,45,45,45,45,37,12,12,12,12,12,12,12,36,45,45,37,12,12,12,12,38,42,37,12,12,12,36,41,40,12,12,12,12,38,42,45,45,45,45,45,45,45,45,45,45,45,45,45,45,52,47,47,47,47,47,47,47,47,47,47,
45,45,45,45,45,37,12,12,12,12,12,12,12,12,12,12,12,38,39,39,39,39,39,39,40,12,12,12,12,12,12,12,12,12,12,12,38,39,40,12,12,12,12,12,36,45,45,45,37,12,12,12,12,12,12,36,45,45,45,45,45,45,45,45,45,45,45,45,45,45,45,45,37,12,12,12,12,12,12,12,36,45,45,37,12,12,12,12,12,36,37,12,12,12,36,43,35,12,12,12,12,12,36,45,45,45,45,45,45,45,45,45,45,45,45,45,45,52,47,47,47,47,47,47,47,47,47,47,
45,45,45,45,45,43,35,12,12,12,12,12,12,12,12,12,12,12,12,12,12,12,12,12,12,12,12,12,12,12,12,12,12,12,12,12,12,12,12,12,12,12,12,12,36,45,45,45,37,12,12,12,12,12,12,36,45,45,45,45,45,45,45,45,45,45,45,45,45,45,45,45,37,12,12,12,12,12,12,12,36,45,41,40,12,12,12,12,12,36,37,12,12,12,38,42,43,35,12,12,12,12,36,45,45,45,45,45,45,45,45,45,45,45,45,45,45,52,47,47,47,47,47,47,47,47,47,47,
45,45,45,45,45,45,37,12,12,12,12,12,12,12,12,12,12,12,12,12,12,12,12,12,12,12,12,12,12,12,12,12,12,12,12,12,12,12,12,12,12,12,12,12,36,45,45,45,37,12,12,12,12,12,12,36,45,45,45,45,45,45,45,45,45,45,45,45,45,45,45,45,37,12,12,12,12,12,12,12,36,45,37,12,12,12,12,12,12,36,37,12,12,12,12,38,42,37,12,12,12,12,38,42,45,45,45,45,45,45,45,45,45,45,45,45,45,52,47,47,47,47,47,47,47,47,47,47,
45,45,45,45,45,45,43,35,12,12,12,12,12,12,12,12,12,12,12,12,12,12,12,12,12,12,12,12,12,12,12,12,12,12,12,12,12,12,12,12,12,12,12,12,36,45,45,45,43,34,35,12,12,12,12,36,45,45,45,45,45,45,45,45,45,45,45,45,45,45,45,45,37,12,12,12,12,12,12,12,36,45,37,12,12,12,12,12,12,36,37,12,12,12,12,12,38,37,12,12,12,12,12,36,45,45,45,45,45,45,45,45,45,45,45,45,45,52,47,47,47,47,47,47,47,47,47,47,

